5.805445614320829918e+04 1.384776000000000007e+00 2.937004809325309898e-02
5.805551487436569732e+04 1.615156999999999954e+00 9.309438675344501590e-02
5.805604725189699820e+04 1.305149000000000115e+00 5.803715501297423279e-02
5.805657872268399660e+04 9.895329999999999959e-01 6.122432098439312131e-02
5.805704447189700295e+04 1.020674999999999999e+00 6.373967728973845004e-02
5.805737669801970333e+04 7.541430000000000078e-01 3.772136059317054979e-02
5.805750998212849663e+04 7.404569999999999208e-01 4.253960240763893230e-02
5.805797676799310284e+04 7.717160000000000686e-01 5.183594402535753737e-02
5.805844826908099640e+04 8.057659999999999823e-01 4.838126434891919930e-02
5.805850717770370102e+04 7.241690000000000627e-01 4.221979342678028324e-02
5.805917207882639923e+04 9.422180000000000000e-01 4.633541688600632119e-02
5.805943810970600316e+04 8.711989999999999457e-01 4.247318996731938578e-02
5.805957169981019979e+04 8.113259999999999916e-01 4.106056371994909471e-02
5.806003777336000348e+04 1.007020000000000026e+00 4.611340890673774201e-02
5.806030261561689986e+04 9.773419999999999330e-01 5.019652962108037825e-02
5.806056863741089910e+04 9.566049999999999276e-01 4.583793844622596064e-02
5.806103444833680260e+04 1.191962999999999884e+00 5.725635161272503437e-02
5.806130041554749914e+04 1.216466999999999965e+00 5.952525219602181755e-02
5.806156581238770013e+04 1.227897999999999934e+00 5.920243956122078072e-02
5.806210105664240109e+04 1.326512999999999831e+00 6.694659839752876984e-02
5.806243159461690084e+04 1.332041999999999948e+00 5.953732242047840573e-02
5.806256437482519686e+04 1.466628999999999960e+00 1.021605665460014883e-01
5.806309804870250082e+04 1.226293999999999995e+00 5.942977587876299705e-02
5.806336259643400263e+04 1.144959999999999978e+00 5.799110760280407062e-02
5.806356578510299732e+04 1.208423000000000025e+00 6.285997649538217769e-02
5.806409420094439702e+04 1.563746999999999998e+00 8.200156991789853134e-02
5.806442654405789654e+04 1.395340999999999942e+00 6.407231679906696953e-02
5.806455851640740002e+04 1.325215999999999950e+00 6.239158078619261305e-02
5.806509139655790204e+04 1.312759000000000009e+00 8.046865403372918668e-02
5.806535766404629976e+04 1.197162000000000059e+00 5.927227265762634312e-02
5.806555593352550204e+04 1.223541999999999907e+00 6.465384236068262569e-02
5.806608777319789806e+04 1.337924000000000113e+00 6.132759643097061841e-02
5.806641952962149662e+04 1.229172999999999849e+00 6.152669925325102152e-02
5.806662111695949716e+04 1.361609000000000069e+00 5.783007447686713820e-02
5.806708627017709659e+04 1.351863000000000037e+00 6.592309386702052687e-02
5.806741508399650047e+04 1.373199000000000058e+00 6.270734283160146749e-02
5.806761732965619740e+04 1.416803000000000035e+00 6.313229389939827019e-02
5.806808108523029659e+04 1.303637999999999852e+00 6.884008744910191657e-02
5.806834556229050213e+04 1.190849999999999964e+00 5.375512043517342853e-02
5.806861412828590255e+04 1.262284000000000184e+00 6.887508003625113229e-02
5.806907664352889697e+04 1.117208999999999897e+00 5.526820673768961800e-02
5.806940859533449839e+04 9.764399999999999746e-01 4.547717251544998451e-02
5.806961007077430259e+04 1.230668000000000095e+00 6.485490445602398735e-02
5.807000634240279760e+04 9.457020000000000426e-01 4.573375069901877005e-02
5.807033758601389854e+04 1.077185999999999977e+00 5.106307002129816669e-02
5.807060590016900096e+04 9.974190000000000556e-01 4.574586684062287995e-02
5.807100223209030082e+04 1.309833999999999943e+00 7.222008846574476393e-02
5.807133398334030062e+04 1.305293000000000037e+00 6.439867442735137948e-02
5.807166797953240166e+04 1.446984999999999966e+00 8.353882805617995899e-02
5.807207098382180266e+04 1.406009000000000064e+00 6.104410361369883714e-02
5.807239736724770046e+04 1.332272000000000123e+00 4.994173534229662953e-02
5.807266670620600053e+04 1.271586000000000105e+00 6.543395511506239215e-02
5.807306055352080148e+04 1.255898000000000181e+00 6.596258809355497188e-02
5.807345970441200188e+04 1.151711000000000151e+00 5.367538556917872405e-02
5.807353081489809847e+04 1.330376000000000003e+00 1.027016507413585911e-01
5.807392340442010027e+04 1.069515999999999911e+00 5.161701543096035988e-02
5.807425534913079900e+04 1.135622000000000131e+00 8.111917343020698390e-02
5.807452241775349830e+04 1.172044000000000086e+00 5.972344680274238593e-02
5.807492367038079828e+04 1.298098999999999892e+00 4.461451963206596733e-02
5.807531895154980157e+04 1.279360000000000053e+00 5.820415772090512668e-02
5.807551854242940317e+04 1.269766999999999868e+00 6.277945345413576961e-02
5.807591638063189748e+04 1.030613999999999919e+00 4.925321078873944741e-02
5.807624777013430139e+04 1.077545999999999893e+00 5.197855475097398759e-02
5.807652228992590244e+04 1.240490000000000093e+00 9.743542372771824001e-02
5.807691216689349676e+04 9.759560000000000457e-01 4.771890548828629230e-02
5.807724348296989774e+04 1.211974000000000107e+00 5.869880234723703211e-02
5.807751404122220265e+04 1.391731999999999969e+00 6.716378349229590317e-02
5.807790851237499737e+04 1.276127000000000011e+00 5.920000703547255438e-02
5.807824006155320239e+04 1.335872999999999866e+00 6.095723274558975668e-02
5.807890361125230265e+04 1.394139999999999935e+00 9.603213443946771732e-02
5.807923611258329765e+04 1.172536000000000023e+00 5.762580373409120771e-02
5.807931199252550141e+04 1.259611999999999954e+00 6.109200671118931308e-02
5.807989971658449940e+04 1.318513999999999964e+00 6.417260023561457971e-02
5.808017399463999755e+04 1.475210999999999828e+00 7.150050983035015351e-02
5.808029830245250196e+04 1.188244000000000078e+00 5.435294789613531741e-02
5.808056413953589799e+04 1.271087999999999996e+00 7.251619513598324407e-02
5.808096196406130184e+04 1.246118000000000059e+00 5.685439691879600604e-02
5.808129743533449800e+04 1.144598999999999922e+00 6.720938673280689446e-02
5.808157328572800179e+04 1.357933999999999974e+00 6.402073296987469131e-02
5.808210420493630227e+04 1.108938999999999897e+00 4.898960052909188262e-02
5.808229821756370075e+04 1.145214999999999872e+00 5.579574668377509927e-02
5.808257036198500282e+04 1.201959999999999917e+00 6.012991439375246772e-02
5.808288700491320196e+04 1.241632000000000069e+00 6.164534792666839791e-02
5.808329960625580134e+04 1.371370999999999896e+00 6.392432104449760621e-02
5.808356413402200269e+04 1.245171000000000028e+00 5.233251754884337553e-02
5.808403001504860003e+04 1.122341999999999951e+00 5.374603941687238623e-02
5.808436007391440216e+04 1.406601999999999908e+00 5.299050843311469555e-02
5.808462645199299732e+04 1.610577999999999843e+00 6.888034556388346330e-02
5.808502435996760323e+04 1.663079999999999892e+00 7.460372197819624407e-02
5.808542616000230191e+04 1.393407999999999980e+00 6.788374686918806356e-02
5.808562225265279994e+04 1.172077000000000035e+00 5.013904667023496436e-02
5.808595522031019937e+04 1.126552999999999916e+00 5.022283395030590486e-02
5.808635382570369984e+04 1.198331999999999953e+00 5.165253747881124596e-02
5.808655099504400278e+04 1.249740000000000073e+00 5.756592624982247164e-02
5.808694881921070191e+04 1.070437000000000083e+00 5.763427711006706422e-02
5.808741382392129890e+04 1.190798000000000023e+00 5.407505473876101504e-02
5.808753937821529689e+04 1.267066999999999943e+00 5.573935450828255977e-02
5.808793330620950292e+04 1.099718999999999891e+00 5.571696370944848736e-02
5.808840204692709813e+04 1.008875999999999884e+00 4.650066327483942663e-02
5.808853363586230262e+04 1.091266999999999987e+00 5.124992573653155969e-02
5.808893418671870313e+04 1.211186000000000096e+00 7.131960534102807503e-02
5.808919831015620002e+04 9.556090000000000417e-01 4.249982476434462086e-02
5.808953348242479842e+04 9.042810000000000015e-01 4.565808197898812287e-02
5.808993786509380152e+04 1.066600999999999910e+00 7.459351430922127324e-02
5.809032932742009871e+04 9.812579999999999636e-01 4.510719663202314433e-02
5.809059042486229737e+04 1.014327999999999896e+00 4.872431214496516366e-02
5.809112100972339977e+04 9.889339999999999797e-01 5.111973343044738660e-02
5.809138648862380069e+04 1.015776999999999930e+00 4.997543581600864815e-02
5.809158621992010012e+04 1.050879000000000119e+00 4.848989091553001368e-02
5.809198405686110345e+04 1.174030999999999825e+00 5.601111221891599129e-02
5.809238232213890296e+04 1.187828000000000106e+00 4.810367474528323695e-02
5.809251996198840061e+04 1.236755000000000049e+00 5.522832719719111133e-02
5.809284445970829984e+04 1.196718999999999866e+00 8.965817776421736163e-02
5.809350814031020127e+04 1.130749000000000004e+00 8.451554821451494337e-02
5.809417224838429684e+04 1.135653999999999941e+00 8.342451805674395982e-02
5.809470593370829738e+04 1.481043999999999805e+00 7.846152025674751895e-02
5.809503866719210055e+04 1.334753000000000078e+00 9.766500795064729512e-02
5.809537068914809788e+04 1.492757000000000112e+00 6.122226830982335083e-02
5.809570190207639826e+04 1.328624999999999945e+00 7.161498265726243262e-02
5.809603402871639992e+04 1.222445000000000004e+00 5.093667417490074095e-02
5.809636652942239743e+04 1.153322000000000180e+00 5.034585444701479562e-02
5.809664049663310288e+04 1.271287000000000056e+00 6.046240439314334858e-02
5.809703617210759694e+04 1.344686999999999966e+00 6.325963169352158411e-02
5.809736686913309677e+04 1.198947999999999903e+00 5.104534514527255679e-02
5.809756115189930279e+04 1.156325999999999965e+00 5.562303697210356501e-02
5.809802701448729931e+04 1.173864999999999936e+00 5.171121968199937635e-02
5.809842760616549640e+04 1.296972999999999931e+00 7.819515159522361092e-02
5.809868605214929994e+04 1.248120000000000118e+00 1.050134373354191242e-01
5.809901734960299655e+04 1.228790999999999967e+00 1.176138995909922214e-01
5.809934941676739982e+04 1.132857999999999921e+00 1.115022113906266737e-01
5.809962028158220346e+04 1.501183999999999852e+00 6.124127305175815911e-02
5.809995229597690195e+04 1.450099000000000027e+00 6.900334253498159598e-02
5.810035132757409883e+04 1.330922999999999856e+00 7.686326836662620010e-02
5.810061568414809881e+04 1.246647000000000061e+00 6.213772499858681575e-02
5.810101499659029651e+04 1.268275999999999959e+00 5.276265597939511914e-02
5.810134684786340222e+04 1.176210999999999895e+00 5.305189921199805064e-02
5.810154604057179677e+04 1.388409999999999922e+00 6.038472012852257736e-02
5.810194904839120136e+04 1.344707000000000097e+00 6.882580874207000488e-02
5.810234586711809970e+04 1.648283999999999860e+00 8.108940838975210730e-02
5.810254294372689765e+04 1.232227999999999879e+00 5.681047443033722388e-02
5.810307191035879805e+04 1.467147000000000201e+00 7.407613106122647173e-02
5.810353916193290206e+04 1.314966000000000079e+00 5.502278546202472864e-02
5.810403900669790164e+04 1.263932999999999973e+00 8.397339304803635995e-02
5.810446748155899695e+04 1.193801000000000112e+00 7.107295525022158666e-02
5.810453545376969851e+04 1.239653000000000116e+00 7.818172932341672932e-02
5.810514485204510129e+04 1.567452000000000067e+00 8.530893503613791451e-02
5.810526358163999976e+04 1.726376000000000133e+00 9.696230508811143345e-02
5.810552885499649710e+04 1.738436000000000092e+00 1.088907230437928531e-01
5.810592746364929917e+04 1.605569999999999942e+00 9.352625456522889458e-02
5.810626218477200018e+04 1.386546000000000056e+00 7.278226122483416605e-02
5.810653256022340065e+04 1.461732999999999949e+00 6.818518772431443609e-02
5.810693337352199887e+04 9.657799999999999718e-01 4.578307340054837277e-02
5.810725911377659941e+04 1.055590000000000028e+00 7.319040976794706499e-02
5.810753495252659923e+04 1.263792999999999944e+00 6.851803529728504871e-02
5.810792368965160131e+04 1.505418999999999841e+00 6.952593027065513687e-02
5.810832223297339806e+04 1.397140999999999966e+00 6.749670015637801446e-02
5.810871825354050088e+04 1.412535000000000096e+00 8.577468237189805889e-02
5.810885459171180264e+04 1.644784000000000024e+00 7.943526363649835997e-02
5.810925392123730126e+04 1.270592000000000166e+00 7.452495089565640274e-02
5.810953009608679713e+04 1.542257000000000211e+00 7.641908492647632445e-02
5.811117936078010098e+04 9.448000000000000842e-01 5.568044979164590152e-02
5.811358604782410112e+04 1.117655999999999983e+00 9.527967546649179775e-02
5.811458202825229819e+04 1.224013000000000018e+00 6.304413503253097906e-02
5.811530598869910318e+04 1.325296999999999947e+00 6.587502322580235381e-02
5.811557792780789896e+04 1.505246000000000084e+00 6.066066476721138079e-02
5.811603611861810350e+04 1.360829999999999984e+00 5.988553017215427626e-02
5.811636828941669955e+04 1.472814000000000068e+00 5.722644847445978317e-02
5.811657498736809794e+04 1.297355000000000036e+00 5.901923111156226476e-02
5.811703325941199728e+04 1.277625000000000011e+00 5.364555222942532509e-02
5.811736520149539865e+04 1.159499000000000057e+00 5.674832700617701842e-02
5.811757100384490332e+04 1.404206999999999983e+00 6.411744213550631122e-02
5.811802905038429890e+04 1.389584000000000152e+00 6.334762311247360556e-02
5.811829453870600264e+04 1.239295999999999953e+00 5.632224076685869718e-02
5.811863588222450198e+04 1.195127999999999968e+00 5.913214768634739854e-02
5.811902641048379883e+04 1.021487000000000034e+00 4.882731621746171785e-02
5.811935938393289689e+04 1.195263999999999882e+00 6.445063323971300662e-02
5.811956419487039966e+04 1.266583999999999932e+00 5.367299777355463014e-02
5.812002248638660240e+04 1.578504000000000129e+00 1.127201011532548286e-01
5.812035486955790111e+04 1.267957999999999918e+00 7.116400318278898185e-02
5.812062728912960301e+04 1.300686999999999927e+00 5.547825507349703894e-02
5.812101846889349690e+04 1.329773000000000094e+00 6.099557578218275933e-02
5.812135056262039870e+04 1.340686999999999962e+00 5.989802905772442787e-02
5.812155586058329936e+04 1.723270999999999997e+00 9.757779583491317521e-02
5.812201502621990221e+04 1.433988999999999958e+00 9.799185419207047387e-02
5.812234730553699774e+04 1.140500999999999987e+00 5.573521000229567091e-02
5.812262275744679937e+04 1.353520999999999974e+00 7.233892589747238644e-02
5.812294306379630143e+04 1.163054999999999950e+00 5.475074678942744300e-02
5.812334302987270348e+04 1.333906000000000036e+00 6.570740605137292967e-02
5.812427330180560239e+04 1.382911000000000001e+00 6.137878998481478832e-02
5.812454262600689981e+04 1.353276999999999841e+00 6.058451947486255540e-02
5.812500281504169834e+04 1.249395000000000033e+00 6.080672286022328205e-02
5.812520105710189819e+04 1.247033999999999976e+00 6.348612677585552255e-02
5.812593182912730117e+04 1.470524000000000164e+00 6.287679325474543335e-02
5.812619759108329890e+04 1.609402999999999917e+00 7.043221825982766415e-02
5.812653430163890152e+04 1.661538999999999877e+00 7.474661983661870512e-02
5.812713797545369744e+04 1.524118000000000084e+00 9.591967202300058504e-02
5.812733370222450321e+04 1.531206999999999985e+00 6.804752163745568516e-02
5.812760160286109749e+04 1.395672000000000024e+00 6.195686406686510411e-02
5.812786093338189676e+04 1.548087000000000213e+00 6.016514505924506345e-02
5.812818644988659798e+04 1.728064000000000267e+00 1.488706050568747996e-01
5.812872805237500143e+04 2.040951999999999877e+00 1.274965819973225833e-01
5.812898593262500071e+04 1.813139999999999752e+00 9.409726978504744099e-02
5.812931871996299742e+04 1.559684999999999988e+00 7.305298935019702289e-02
5.812965781270599837e+04 1.682669999999999888e+00 8.930691073483619513e-02
5.812999410544909915e+04 1.733257000000000048e+00 7.191670683506024009e-02
5.813046043763659691e+04 1.631193000000000115e+00 8.996506106261474567e-02
5.813065295850460097e+04 1.605077000000000087e+00 7.504015192548586788e-02
5.813138409074539959e+04 1.693664999999999976e+00 8.334665196035172252e-02
5.813164754848839948e+04 1.683772999999999964e+00 7.305618358496425435e-02
5.813197708412499924e+04 1.840633999999999881e+00 8.561065298781454780e-02
5.813230589058330224e+04 1.622991999999999990e+00 7.093566936316313132e-02
5.813271037534029892e+04 1.738545000000000229e+00 1.070817332414824158e-01
5.813310310706019663e+04 1.420250000000000012e+00 6.389036515782328673e-02
5.813343568739580223e+04 1.418140999999999874e+00 6.197315444609867441e-02
5.813357632957179885e+04 1.417777999999999983e+00 6.055217505589703675e-02
5.813397094739579916e+04 1.384200000000000097e+00 1.953695413927155622e-01
5.813423455903940339e+04 1.603769000000000000e+00 7.418577081893805436e-02
5.813476543833329924e+04 1.497549000000000019e+00 6.535600699247162693e-02
5.813502820882639935e+04 1.720712000000000019e+00 7.569333477922610132e-02
5.813536816462499701e+04 1.587690000000000046e+00 8.726803090479354208e-02
5.813575814253010321e+04 1.706541000000000086e+00 1.101381372095969341e-01
5.813609061381479842e+04 1.517558999999999880e+00 7.178049038561939987e-02
5.813629847034259728e+04 1.981241000000000030e+00 1.142162023970329648e-01
5.813675467294680129e+04 1.915556999999999954e+00 1.104257176793522199e-01
5.813708897076499852e+04 1.634460999999999942e+00 8.883345372099410442e-02
5.813728593634379649e+04 1.893364999999999965e+00 7.654165211830744886e-02
5.813821474148260313e+04 1.596362000000000059e+00 6.649590670108949941e-02
5.813835188346180075e+04 1.923162000000000038e+00 1.017557861991149892e-01
5.813861312228119641e+04 1.697259000000000073e+00 7.781880217530978694e-02
5.813887816175579792e+04 1.731739999999999835e+00 7.529301813581389113e-02
5.813921111834140174e+04 1.666408999999999807e+00 7.465324690192651214e-02
5.813977596674420056e+04 1.529938000000000020e+00 6.487255771896156820e-02
5.814000806374649983e+04 1.577452999999999994e+00 8.652988516113956086e-02
5.814041553917479905e+04 1.448844999999999938e+00 5.716414433016556856e-02
5.814060459279749921e+04 1.516140000000000043e+00 7.569552584532325545e-02
5.814087056264239800e+04 1.331085000000000074e+00 5.474700179005238809e-02
5.814128195179750037e+04 1.163038999999999934e+00 6.195286651156667324e-02
5.814160100855670316e+04 1.400498000000000021e+00 9.415543419792614388e-02
5.814186718148500222e+04 1.468446000000000140e+00 6.738544071236753086e-02
5.814219725068630214e+04 1.639186000000000032e+00 7.856718506475843244e-02
5.814266313264240307e+04 1.697375999999999996e+00 7.861684583471915955e-02
5.814299564705899684e+04 1.535384000000000082e+00 5.610878673612538364e-02
5.814326143232519826e+04 1.901008000000000031e+00 8.271218489436728272e-02
5.814372842495249643e+04 2.009732999999999770e+00 8.267571136676114818e-02
5.814399127123729704e+04 1.556560999999999861e+00 9.501839672926501446e-02
5.814440278420020331e+04 1.711072999999999844e+00 6.884813378008150520e-02
