5.848485383097679733e+04 1.764828100000000070e-15 1.021939499999999939e-16
5.848532028737933433e+04 1.741399200000000002e-15 1.056392559999999952e-16
5.848564550253043853e+04 1.770043200000000079e-15 9.026312000000000416e-17
5.848643997222706821e+04 1.828589100000000161e-15 1.010663429999999987e-16
5.848657183414309839e+04 1.638240800000000026e-15 8.829130599999999503e-17
5.848822799856445636e+04 1.843870999999999941e-15 9.146013999999999812e-17
5.848869959169840877e+04 1.606644300000000026e-15 8.567113999999999911e-17
5.848929972828814789e+04 1.815547400000000161e-15 9.281702000000000410e-17
5.849028549556280632e+04 1.735575299999999951e-15 9.428439999999999729e-17
5.849122183934408531e+04 1.849847100000000003e-15 9.578773999999999965e-17
5.849154956781519286e+04 1.850994200000000159e-15 9.518418999999999796e-17
5.849214720903521811e+04 1.823627000000000159e-15 9.395494999999999940e-17
5.849254557122920960e+04 1.762806499999999982e-15 9.175485000000000138e-17
5.849313929672619270e+04 1.727937399999999906e-15 9.345383999999999391e-17
5.849373737561456073e+04 1.727302400000000045e-15 9.485132499999999861e-17
5.849448007642785524e+04 1.767053599999999933e-15 9.278853500000000498e-17
5.849479903955416376e+04 1.675154300000000029e-15 9.470554000000000397e-17
5.849533145548612083e+04 1.549039900000000040e-15 8.602523499999999722e-17
5.849553641768703528e+04 1.751869500000000097e-15 9.012460300000000507e-17
5.849672377728392894e+04 1.853176400000000126e-15 1.025873299999999941e-16
5.849732351643611037e+04 1.671463900000000035e-15 8.999119599999999808e-17
5.849878269929014641e+04 1.787620499999999955e-15 1.012063400000000025e-16
5.849938138573668402e+04 1.823227799999999850e-15 9.283764999999999996e-17
5.849971356227862998e+04 1.766042000000000033e-15 9.051772000000000587e-17
5.850037642021758074e+04 1.820839199999999968e-15 9.103430999999999766e-17
5.850070963179157843e+04 1.935189699999999852e-15 9.816875599999999789e-17
5.850118231571657816e+04 1.771260999999999931e-15 8.827686000000000006e-17
5.850157116998292622e+04 1.864501000000000042e-15 9.516327000000000500e-17
5.850217566791918216e+04 1.934632799999999932e-15 9.450430999999999538e-17
5.850256793841667968e+04 1.782821600000000152e-15 9.294363499999999886e-17
5.850329768354955013e+04 1.813236400000000112e-15 9.260677399999999666e-17
5.850356290909828385e+04 1.785199699999999953e-15 9.491600000000000247e-17
5.850429387769100867e+04 1.828544999999999818e-15 9.670560999999999922e-17
5.850475885099996231e+04 1.800714100000000078e-15 9.227935999999999706e-17
5.850535561796068941e+04 1.857789499999999854e-15 9.464944999999999521e-17
5.850641810760633234e+04 1.907368000000000034e-15 9.462649999999999796e-17
5.850681656237339485e+04 1.997136800000000129e-15 9.694912000000000078e-17
5.850741444435153971e+04 1.903708700000000160e-15 9.483109000000000559e-17
5.850788121494225197e+04 1.847801499999999897e-15 9.576633999999999451e-17
5.850834373028395203e+04 1.804935500000000119e-15 9.477696500000000049e-17
5.850874638262308872e+04 1.751074999999999961e-15 1.030019199999999968e-16
5.850935054493206553e+04 1.866604000000000068e-15 9.617747000000000381e-17
5.850974180963471008e+04 1.998059000000000150e-15 9.845776999999999622e-17
5.851028373995792936e+04 1.978976399999999922e-15 9.896043000000000614e-17
5.851134204042891361e+04 2.063522200000000050e-15 9.932188600000000525e-17
5.851173193416311551e+04 2.047868400000000174e-15 1.006318000000000041e-16
5.851227318981780263e+04 1.808142199999999833e-15 9.685200400000000007e-17
5.851293146464655729e+04 1.973166399999999932e-15 9.841883000000000588e-17
5.851340069784604566e+04 1.941955800000000071e-15 9.687708000000000405e-17
5.851485087381310586e+04 1.813861599999999963e-15 9.570838400000000615e-17
5.851518281609472615e+04 1.954809499999999998e-15 1.024750449999999955e-16
5.851684450559819379e+04 1.853373700000000102e-15 9.287171699999999496e-17
5.851738625619139202e+04 1.844478199999999877e-15 9.283342999999999553e-17
5.851883906430340721e+04 1.878140100000000165e-15 9.444399999999999450e-17
5.851931248129255982e+04 1.865909999999999982e-15 9.552482000000000444e-17
5.851990119104899350e+04 1.919956899999999910e-15 9.216094000000000597e-17
5.852036617737142660e+04 1.751339899999999994e-15 9.546143399999999531e-17
5.852089823431678815e+04 1.933551099999999834e-15 9.183775399999999457e-17
5.852136429318619776e+04 1.804885999999999959e-15 9.364597999999999973e-17
5.852190016267916508e+04 1.865412400000000035e-15 9.233722499999999440e-17
5.852229508166908636e+04 1.820654999999999999e-15 9.463044000000000350e-17
5.852289539108919416e+04 1.894151999999999860e-15 9.146286000000000144e-17
5.852389162644025782e+04 1.823025799999999931e-15 8.841140999999999600e-17
5.852422324683037004e+04 1.829729999999999856e-15 9.424282500000000065e-17
5.852488795028843015e+04 1.792401299999999861e-15 9.015408400000000482e-17
5.852521941043250990e+04 2.072074500000000140e-15 1.010527800000000026e-16
5.852595095123670762e+04 1.956884499999999938e-15 9.757178000000000083e-17
5.852614985603917739e+04 1.857323400000000151e-15 9.376676999999999553e-17
5.852787760038545821e+04 2.007924800000000019e-15 9.606251000000000608e-17
5.852820952398086229e+04 1.987095999999999818e-15 9.568150999999999555e-17
5.852868660911770712e+04 1.962318700000000140e-15 1.078010759999999950e-16
5.852933914481840475e+04 1.976673799999999938e-15 1.031631540000000006e-16
5.853047499923743453e+04 1.945191900000000013e-15 1.073010800000000034e-16
5.853126419242980046e+04 1.922962799999999883e-15 9.262915000000000604e-17
5.853200333478936955e+04 1.972204799999999904e-15 8.640912600000000001e-17
5.853225924890999886e+04 1.993524999999999986e-15 9.746066000000000199e-17
5.853267005536921351e+04 2.112008500000000051e-15 1.014918400000000000e-16
5.853325870208078413e+04 1.934093200000000052e-15 1.035999000000000029e-16
5.853352810209517338e+04 1.893604599999999807e-15 9.267564000000000525e-17
5.853458786792102910e+04 2.068885000000000090e-15 1.432636299999999970e-16
5.853485078960455576e+04 1.790431399999999931e-15 1.296581999999999993e-16
5.853524832639910164e+04 1.962338600000000107e-15 9.520657999999999742e-17
5.853571190706697962e+04 1.918907999999999823e-15 9.715852000000000523e-17
5.853624693200331967e+04 1.720687699999999981e-15 8.813171000000000203e-17
5.853677346909866174e+04 1.965979099999999816e-15 9.783502999999999825e-17
5.853724729607105110e+04 1.891539000000000147e-15 9.641016000000000592e-17
5.853770315662294888e+04 1.957257900000000158e-15 9.672840999999999882e-17
5.853816800803656224e+04 2.024013600000000069e-15 9.674244999999999786e-17
5.853869785238995246e+04 1.895877200000000064e-15 1.062686499999999958e-16
5.853916346419636830e+04 1.833457000000000163e-15 9.154555399999999546e-17
5.853969408267718245e+04 1.968806699999999941e-15 9.439118999999999917e-17
5.854022574327758775e+04 1.903123199999999867e-15 9.348057400000000506e-17
5.854068905393955356e+04 1.993279599999999992e-15 1.050220000000000009e-16
5.854162931675476284e+04 1.834116900000000077e-15 9.421081999999999433e-17
5.854215112378193589e+04 1.846530599999999942e-15 9.084394000000000597e-17
5.854274574730714085e+04 1.749167500000000038e-15 9.858334600000000055e-17
5.854321266086287505e+04 1.682011899999999945e-15 8.740606399999999809e-17
5.854381021888728719e+04 1.945829300000000034e-15 9.571706599999999857e-17
5.854447550545621925e+04 1.940486799999999889e-15 9.886584999999999998e-17
5.854455081034985051e+04 1.886529000000000091e-15 9.414291399999999780e-17
5.854540467271833040e+04 1.806830800000000069e-15 9.335038999999999466e-17
5.854580758184991282e+04 1.915638999999999888e-15 9.914693000000000434e-17
5.854613321823586011e+04 1.949128300000000090e-15 9.308302499999999855e-17
5.854666382657247595e+04 1.606067900000000067e-15 9.122964999999999435e-17
5.854719513556123275e+04 1.845037700000000118e-15 9.141496999999999545e-17
5.854766052639831469e+04 1.837176599999999830e-15 9.290513500000000327e-17
5.854845833578528254e+04 1.827791600000000171e-15 9.524693000000000507e-17
5.854865590703199996e+04 1.822180299999999906e-15 9.486802000000000035e-17
5.854945256062885164e+04 1.607659299999999905e-15 8.947218000000000427e-17
5.855018306202899112e+04 1.729700400000000010e-15 8.706892999999999820e-17
5.855064690263252851e+04 1.745731899999999924e-15 9.844962999999999497e-17
5.855111238542537467e+04 1.783464999999999882e-15 8.891534499999999825e-17
5.855164381011306978e+04 1.735029899999999932e-15 9.032816000000000393e-17
5.855217376353330474e+04 1.737675700000000051e-15 9.095648999999999387e-17
5.855264669854889507e+04 1.658255800000000017e-15 9.031229400000000577e-17
5.855310352401508135e+04 1.796260600000000014e-15 9.741830999999999697e-17
5.855364233875874197e+04 1.730496500000000055e-15 8.960004499999999584e-17
5.855463476068910677e+04 1.878948800000000110e-15 9.558735999999999825e-17
5.855509956780015636e+04 1.839767399999999990e-15 8.957774399999999761e-17
5.855563367225511320e+04 1.849848800000000091e-15 9.434677999999999526e-17
5.855616471404909680e+04 1.865568499999999935e-15 8.819756000000000388e-17
5.855696475434688182e+04 1.772629999999999973e-15 8.870988999999999844e-17
5.855722283794880059e+04 1.830315800000000095e-15 9.582210400000000527e-17
5.855855281999836734e+04 1.904554900000000059e-15 1.009541200000000037e-16
5.855942380928619968e+04 1.685795000000000013e-15 9.489542400000000181e-17
5.855968204496754333e+04 1.784799199999999879e-15 9.524414000000000202e-17
5.856028547187883669e+04 1.696581100000000048e-15 8.615689600000000301e-17
5.856081527581942646e+04 1.870167199999999889e-15 9.039567399999999462e-17
5.856134717950204504e+04 1.846593999999999966e-15 8.979254999999999758e-17
5.856181123061814287e+04 1.808764299999999847e-15 9.379263999999999707e-17
5.856227761237059167e+04 1.862222000000000148e-15 9.208588999999999650e-17
5.856439895986900228e+04 1.824188999999999950e-15 9.693873999999999607e-17
5.856525461039798392e+04 1.688414499999999936e-15 9.764855999999999465e-17
5.856585800515724986e+04 2.094383200000000139e-15 9.562361000000000451e-17
5.856738973259130580e+04 1.802050000000000163e-15 9.619703600000000142e-17
5.856831861936923815e+04 1.805049700000000069e-15 9.239948000000000255e-17
5.856910391754584998e+04 2.034655700000000195e-15 1.050520969999999958e-16
5.856991051604469249e+04 1.795388600000000027e-15 8.860851400000000050e-17
5.857117289028476080e+04 1.784898300000000181e-15 9.598250000000000215e-17
5.857169890101261262e+04 1.924845700000000093e-15 9.681738000000000429e-17
5.857402465070950711e+04 1.888910800000000015e-15 9.858317400000000440e-17
5.857495526250371040e+04 1.873954999999999899e-15 1.002362699999999964e-16
5.857595790286376723e+04 1.757319200000000072e-15 9.354380000000000602e-17
5.857675038815972221e+04 1.717971000000000005e-15 9.204046000000000367e-17
5.857787892223321251e+04 1.844234699999999935e-15 9.091378000000000436e-17
5.857900845779767405e+04 1.748453100000000075e-15 9.267804399999999644e-17
5.857987045075741480e+04 1.896805099999999848e-15 9.992102000000000575e-17
5.858073415800897055e+04 1.753656899999999949e-15 9.742137499999999982e-17
5.858186301883411943e+04 1.758230900000000011e-15 8.954839000000000211e-17
5.858313568969608605e+04 1.799190699999999829e-15 9.186818999999999496e-17
5.858392084391862591e+04 1.791090599999999972e-15 8.884139999999999937e-17
5.858504971366954123e+04 1.912442999999999825e-15 9.674324599999999753e-17
5.858584587562145316e+04 1.868376999999999949e-15 9.424981999999999851e-17
5.858710802638427413e+04 1.873563600000000158e-15 9.275428299999999399e-17
5.858803730834308953e+04 1.752229300000000004e-15 8.927055000000000606e-17
5.859030314261423337e+04 1.687422400000000075e-15 9.723522700000000234e-17
5.859142764184523548e+04 1.723861099999999971e-15 9.330798999999999865e-17
5.859162052649453108e+04 1.725475100000000079e-15 8.985910499999999576e-17
5.859301494064694998e+04 1.902327999999999857e-15 9.713921000000000591e-17
5.859381678825769632e+04 1.782501900000000125e-15 9.066090000000000113e-17
5.859453924176098371e+04 1.713294999999999967e-15 1.064747600000000009e-16
5.859580199587036623e+04 1.759073599999999949e-15 8.946022000000000052e-17
5.859700043366198952e+04 1.831925199999999849e-15 8.937539000000000156e-17
5.859785949459968106e+04 1.781398400000000007e-15 9.028096999999999517e-17
5.860298129635273654e+04 1.770012500000000084e-15 8.800712999999999834e-17
