5.670956113811288378e+04 3.366081499999999711e-14 6.020192400000000072e-16
5.671010304598496441e+04 3.244168999999999725e-14 5.032241299999999669e-16
5.671016515769550460e+04 3.265376000000000308e-14 5.150042400000000123e-16
5.671063419217886985e+04 3.055808000000000291e-14 4.701061399999999661e-16
5.671102072581942048e+04 3.177305599999999877e-14 5.110701400000000141e-16
5.671135535149861971e+04 2.995272500000000276e-14 5.235357699999999957e-16
5.671209038859025168e+04 3.046674200000000135e-14 4.665742000000000391e-16
5.671322569068796292e+04 2.964074999999999792e-14 4.870943400000000002e-16
5.671350813905262476e+04 3.018821400000000157e-14 4.758747600000000105e-16
5.671395586012581771e+04 2.975705999999999685e-14 4.928716399999999610e-16
5.671422277747462067e+04 3.043145999999999850e-14 4.800965299999999852e-16
5.671450761466661061e+04 2.985185999999999989e-14 4.897874999999999740e-16
5.671503956410715182e+04 2.961111999999999985e-14 4.823320000000000247e-16
5.671703611210537929e+04 2.678026300000000048e-14 4.428019000000000196e-16
5.671836521476117923e+04 2.535961599999999844e-14 3.917964700000000206e-16
5.671863488909522857e+04 2.420706300000000039e-14 4.135701000000000147e-16
5.671970803894126584e+04 2.529642899999999933e-14 4.032105499999999980e-16
5.672009716498974012e+04 2.517951099999999943e-14 4.482562999999999865e-16
5.672037356876207923e+04 2.486883500000000053e-14 3.843398800000000211e-16
5.672063501148505748e+04 2.346232999999999879e-14 4.069753000000000165e-16
5.672096489658245991e+04 2.415059200000000066e-14 3.874826300000000069e-16
5.672137789653390791e+04 2.334862400000000120e-14 3.687213600000000057e-16
5.672156638130039209e+04 2.274960799999999888e-14 3.982458500000000201e-16
5.672236790633166675e+04 2.242707299999999886e-14 3.687970899999999790e-16
5.672283998163186334e+04 2.186279100000000023e-14 3.880486400000000127e-16
5.672310908853552246e+04 2.230481700000000076e-14 3.776523700000000005e-16
5.672344068670466368e+04 2.251015999999999973e-14 3.679083000000000070e-16
5.672389195596011268e+04 2.181628700000000148e-14 3.771925600000000042e-16
5.672444583183426585e+04 2.219638799999999972e-14 3.676019000000000007e-16
5.672456586178106954e+04 2.189532899999999855e-14 3.819401299999999765e-16
5.672482564887021726e+04 2.218800600000000053e-14 3.953216799999999760e-16
5.672516485794753680e+04 2.207320800000000075e-14 3.782449000000000141e-16
5.672529276590504742e+04 2.189707399999999993e-14 3.770818400000000196e-16
5.672563526321620884e+04 2.255811899999999842e-14 3.878685599999999927e-16
5.672602554644354677e+04 2.248141300000000045e-14 4.225903500000000157e-16
5.672630841293233971e+04 2.227322000000000026e-14 3.483574700000000163e-16
5.672702671268980339e+04 2.217152399999999870e-14 3.669861600000000243e-16
5.672704762240044511e+04 2.271764900000000045e-14 4.169127400000000038e-16
5.672730751391461672e+04 2.229960099999999953e-14 3.445221299999999866e-16
5.672750798512156325e+04 2.286671799999999892e-14 4.047678000000000195e-16
5.672784279449671158e+04 2.301118499999999923e-14 3.867126499999999928e-16
5.672857765195592947e+04 2.216772300000000146e-14 3.672291200000000140e-16
5.672884282831233577e+04 2.289969799999999971e-14 3.643315000000000215e-16
5.672963992226581468e+04 2.334959000000000083e-14 3.860920400000000057e-16
5.673003388959771110e+04 2.357971000000000071e-14 3.984437999999999783e-16
5.673037074965937791e+04 2.380640099999999949e-14 3.752161700000000103e-16
5.673063103222355858e+04 2.350081399999999944e-14 3.691013600000000237e-16
5.673096091360013088e+04 2.399581800000000065e-14 3.746932999999999782e-16
5.673136451873256738e+04 2.341966300000000026e-14 3.524652600000000017e-16
5.673162840597118338e+04 2.405815099999999889e-14 3.790966000000000078e-16
5.673204326939717430e+04 2.386749999999999902e-14 3.847995799999999879e-16
5.673236898015141196e+04 2.359508999999999900e-14 3.606872000000000108e-16
5.673271326893309742e+04 2.402941300000000115e-14 3.777362999999999766e-16
5.673297723811238393e+04 2.352323299999999890e-14 3.695333999999999908e-16
5.673322864802747790e+04 2.336492800000000037e-14 3.551319800000000026e-16
5.673357227398341638e+04 2.308478900000000033e-14 3.712873599999999965e-16
5.673396855941665854e+04 2.352188499999999863e-14 3.688815500000000076e-16
5.673423503449445707e+04 2.461223000000000117e-14 3.567717900000000003e-16
5.673450907785697927e+04 2.420056799999999909e-14 3.910028800000000171e-16
5.673489425155048957e+04 2.569137700000000032e-14 4.138946999999999983e-16
5.673529532405699865e+04 2.621848499999999910e-14 3.816003600000000124e-16
5.673563561928681884e+04 2.650399800000000031e-14 4.142809299999999793e-16
5.673629561683069187e+04 2.888332999999999912e-14 4.221115599999999852e-16
5.673656104291523661e+04 2.897267999999999888e-14 4.530733699999999692e-16
5.673689430878977873e+04 3.060303999999999881e-14 4.723582499999999679e-16
5.673750835186553741e+04 3.109407000000000238e-14 5.056770300000000072e-16
5.673789475560819847e+04 3.020659999999999823e-14 4.964688299999999732e-16
5.673822868794063834e+04 3.119917499999999918e-14 4.584148699999999989e-16
5.673851056209355011e+04 3.162337200000000058e-14 5.200114699999999751e-16
5.673889474725467153e+04 3.262721999999999772e-14 5.054705000000000160e-16
5.673922879783857206e+04 3.259683600000000286e-14 4.748581600000000247e-16
5.673958188833145687e+04 3.349210599999999739e-14 5.380743999999999816e-16
5.673997959902993171e+04 3.490975000000000051e-14 5.114190600000000071e-16
5.674031489913308178e+04 3.528927299999999869e-14 5.110549999999999789e-16
5.674051525524046156e+04 3.544224699999999778e-14 5.287536499999999968e-16
5.674091072189580154e+04 3.529924400000000211e-14 5.342066999999999602e-16
5.674131523948770337e+04 3.552070600000000199e-14 5.216757000000000136e-16
5.674150877962358209e+04 3.562988199999999791e-14 5.601323999999999547e-16
5.674189443434356508e+04 3.658077799999999916e-14 5.408865500000000287e-16
5.674222875301221211e+04 3.605277500000000058e-14 5.173517000000000048e-16
5.674271315442512423e+04 3.781730400000000264e-14 5.890241999999999877e-16
5.674296174215260544e+04 3.789505500000000180e-14 5.491467599999999516e-16
5.674336880465748254e+04 3.787617000000000031e-14 5.316958000000000085e-16
5.674350902942848188e+04 3.757458799999999863e-14 5.632832599999999595e-16
5.674443663927588204e+04 3.856864199999999836e-14 5.447256999999999641e-16
5.674444687904509919e+04 3.934844799999999942e-14 5.028250000000000404e-16
5.674450913345759909e+04 3.986262000000000165e-14 5.725621999999999777e-16
5.674537517728899547e+04 3.982597499999999808e-14 6.099662700000000105e-16
5.674557891268959065e+04 4.044258799999999712e-14 6.052770399999999869e-16
5.674589974891784368e+04 4.027595200000000282e-14 6.032861399999999924e-16
5.674623685208959796e+04 3.977017599999999727e-14 5.742465700000000387e-16
5.674657054382509523e+04 4.045392999999999982e-14 6.088401400000000231e-16
5.674689531482021266e+04 4.083016299999999711e-14 5.972744000000000364e-16
5.674769463868556340e+04 4.228253600000000167e-14 6.140337699999999528e-16
5.674802798031534621e+04 4.110211500000000070e-14 6.002792300000000044e-16
5.674850846686419391e+04 4.105699000000000295e-14 6.514777599999999966e-16
5.674909514849731931e+04 3.991318499999999817e-14 5.699790600000000160e-16
5.674937209010318475e+04 4.006477000000000120e-14 5.742579999999999529e-16
5.674950864220089716e+04 4.039014299999999829e-14 6.182071599999999605e-16
5.675044893994611630e+04 3.986489400000000245e-14 5.721412000000000445e-16
5.675057416501775151e+04 3.999035000000000186e-14 5.959393999999999861e-16
5.675156308806097513e+04 3.837235399999999733e-14 5.871909000000000176e-16
5.675203430739516625e+04 3.814342499999999759e-14 5.779399499999999890e-16
5.675263048519023141e+04 3.674857999999999809e-14 5.835550999999999557e-16
5.675303301649278728e+04 3.537168299999999839e-14 5.330132999999999555e-16
5.675336217338260758e+04 3.443907199999999938e-14 5.225411000000000059e-16
5.675369923907379416e+04 3.287182700000000205e-14 5.350914700000000150e-16
5.675390896967001026e+04 3.284120499999999956e-14 4.769090399999999686e-16
5.675416548198301462e+04 3.199126599999999725e-14 4.788722500000000181e-16
5.675436367612479080e+04 3.166474399999999876e-14 4.424066599999999844e-16
5.675504291134483356e+04 3.025450000000000124e-14 4.810740000000000149e-16
5.675536415207959362e+04 3.198482800000000146e-14 4.927800499999999835e-16
5.675551622126836446e+04 3.033467999999999853e-14 4.709742999999999546e-16
5.675630157728802442e+04 3.163741199999999716e-14 4.762643999999999693e-16
5.675729735515975335e+04 3.208521500000000204e-14 4.858680000000000096e-16
5.675751357129523240e+04 3.207915400000000148e-14 4.723313499999999792e-16
5.675797744173626415e+04 3.204060000000000082e-14 4.760626400000000068e-16
5.675830884630228684e+04 3.143250000000000263e-14 4.660390600000000467e-16
5.675851391889228398e+04 3.148284000000000179e-14 4.628152999999999535e-16
5.675896418771165918e+04 3.165442000000000211e-14 4.621253000000000350e-16
5.675923094884686725e+04 3.171476999999999765e-14 4.624358400000000355e-16
5.675983154623807786e+04 3.224918399999999687e-14 4.692272000000000449e-16
5.675996419097881881e+04 3.169997799999999763e-14 4.628693999999999754e-16
5.676029822794275969e+04 3.097555800000000232e-14 4.548274999999999936e-16
5.676103804001965182e+04 3.228646699999999918e-14 4.721250500000000453e-16
5.676183189608107205e+04 3.251894699999999699e-14 4.603218000000000245e-16
5.676203950880591583e+04 3.246113999999999799e-14 4.729043699999999556e-16
5.676230067493511888e+04 3.269787999999999875e-14 4.649651000000000343e-16
5.676283245781428559e+04 3.073864300000000150e-14 5.013128000000000431e-16
5.676304322748315462e+04 3.226428999999999716e-14 4.921953000000000483e-16
5.676337692910130136e+04 3.061522000000000210e-14 4.588530499999999945e-16
5.676403285666283045e+04 3.226525400000000031e-14 4.640058999999999694e-16
5.676438235490729858e+04 3.202802699999999887e-14 4.654466000000000206e-16
5.676476556282323145e+04 3.238130400000000187e-14 4.932214999999999821e-16
5.676511413685564185e+04 3.314256299999999738e-14 5.211864700000000386e-16
5.676569811797823786e+04 3.275484199999999843e-14 5.375327699999999745e-16
5.676609842652100633e+04 3.268306400000000305e-14 5.155583600000000387e-16
5.676638168942683842e+04 3.287445300000000258e-14 5.469825999999999910e-16
5.676671979388310865e+04 3.316037400000000291e-14 5.359543999999999590e-16
5.676738055731951317e+04 3.174748600000000179e-14 4.974032999999999547e-16
5.676938127183292818e+04 3.571863399999999806e-14 5.254219500000000101e-16
5.677084318745254859e+04 3.583167199999999917e-14 5.312713000000000151e-16
5.677117595488570078e+04 3.699687400000000125e-14 5.305777300000000491e-16
5.677471979105695209e+04 3.773359299999999736e-14 6.095332999999999643e-16
5.677557683160308807e+04 3.723133700000000177e-14 5.385172400000000257e-16
5.677603684820547642e+04 3.768236999999999941e-14 5.439245400000000416e-16
5.677623786656134325e+04 3.711010599999999899e-14 5.066329599999999706e-16
5.677697220289106917e+04 3.619323999999999881e-14 5.828242599999999944e-16
5.677737177046998841e+04 3.649560999999999745e-14 6.664871300000000325e-16
5.677858368982821412e+04 3.586523500000000227e-14 5.489703999999999520e-16
5.677984929392050253e+04 3.581575000000000064e-14 5.301106000000000395e-16
5.678024939729869220e+04 3.419233000000000078e-14 5.159089000000000359e-16
5.678051805321013671e+04 3.602431999999999922e-14 5.845833000000000223e-16
5.678058455894142389e+04 3.586992800000000300e-14 5.702769000000000350e-16
5.678209594684842159e+04 3.452106499999999842e-14 5.183698999999999984e-16
5.678230695172857668e+04 3.441172999999999957e-14 4.954444000000000167e-16
5.678270358300335647e+04 3.484915999999999769e-14 5.351023000000000373e-16
5.678297516283510049e+04 3.555721299999999886e-14 5.464398999999999792e-16
5.678336441508890857e+04 3.506111999999999808e-14 5.493908599999999825e-16
5.678356288753655826e+04 3.456215600000000301e-14 5.337993000000000436e-16
5.678396232983508526e+04 3.702892999999999800e-14 5.518262000000000289e-16
5.678503842343715951e+04 3.840982699999999698e-14 5.886023500000000102e-16
5.678556395172099292e+04 3.883681600000000057e-14 5.821313000000000172e-16
5.678636392773938132e+04 3.828292799999999862e-14 5.424690999999999818e-16
5.678697251769564900e+04 3.750408999999999999e-14 5.637621000000000302e-16
5.678730561136067990e+04 3.787126699999999953e-14 5.430664000000000241e-16
5.678771047371641907e+04 3.548460600000000127e-14 5.531303600000000110e-16
5.678797925823298283e+04 3.733688400000000103e-14 5.665648299999999984e-16
5.678830305034641788e+04 3.633865200000000253e-14 5.534115699999999673e-16
5.678904315891567967e+04 3.724324199999999777e-14 5.364189000000000477e-16
5.678996428483401542e+04 3.518088999999999884e-14 5.217030500000000198e-16
5.679063307756185532e+04 3.435488699999999740e-14 5.285115000000000092e-16
5.679103426307928748e+04 3.386007999999999859e-14 5.207069399999999935e-16
5.679163336809792236e+04 3.453781999999999843e-14 5.403560399999999916e-16
5.679236540589811921e+04 3.490539800000000150e-14 5.355394000000000302e-16
5.679250731100457779e+04 3.456879999999999958e-14 5.733335700000000374e-16
5.679284352552617202e+04 3.597943500000000243e-14 5.159566000000000268e-16
5.679424586861078569e+04 3.568735500000000026e-14 5.551077499999999727e-16
5.679469318104188278e+04 3.539630000000000287e-14 5.835482999999999966e-16
5.679535980723449757e+04 3.515568999999999835e-14 5.805518000000000080e-16
5.679589074100325524e+04 3.427189000000000241e-14 6.399712000000000048e-16
5.679689101322528586e+04 3.624091499999999815e-14 5.351556999999999881e-16
5.679822468732886773e+04 3.806198000000000086e-14 5.492581400000000145e-16
5.679850771710067056e+04 3.754217700000000269e-14 5.850362300000000247e-16
5.679889015285680944e+04 3.524026699999999917e-14 5.212830999999999961e-16
5.679922549623675877e+04 3.636671999999999784e-14 4.988927000000000139e-16
5.679956171870463731e+04 3.597323000000000256e-14 5.045590500000000316e-16
5.680002520394395833e+04 3.489282000000000045e-14 4.804275600000000438e-16
5.680035921135616081e+04 3.409386200000000180e-14 5.254877000000000053e-16
5.680082559614167258e+04 3.619237600000000291e-14 5.139739300000000296e-16
5.680109583885483153e+04 3.679355599999999742e-14 5.253764000000000266e-16
5.680209478023360862e+04 3.607825000000000205e-14 4.841885399999999521e-16
5.680262737971167371e+04 3.619714300000000293e-14 4.868641000000000377e-16
5.680508950176907820e+04 3.587572000000000150e-14 5.515970999999999598e-16
5.680597357531570015e+04 3.575497999999999867e-14 5.100856999999999574e-16
5.680636869619767094e+04 3.547927600000000164e-14 5.077873999999999886e-16
5.680688962065480882e+04 3.586186399999999704e-14 5.252287999999999766e-16
5.680722329862879997e+04 3.531359599999999931e-14 5.051056000000000404e-16
5.680788826437031821e+04 3.567379499999999930e-14 5.256027400000000010e-16
5.680822423000269919e+04 3.550329799999999964e-14 5.585473399999999605e-16
5.680855469341926073e+04 3.593947200000000301e-14 5.250301400000000476e-16
5.680888814988955710e+04 3.777410499999999891e-14 5.499840499999999759e-16
5.680922040446528990e+04 3.515130499999999897e-14 5.361073000000000408e-16
5.680955413656088058e+04 3.571650300000000307e-14 5.262800500000000348e-16
5.680988808383690775e+04 3.699196500000000155e-14 5.409303300000000351e-16
5.681022139708765462e+04 3.614083000000000000e-14 5.478192000000000409e-16
5.681055417521540949e+04 3.569496799999999907e-14 5.259309599999999738e-16
5.681088804077170062e+04 3.644093300000000290e-14 5.346540999999999722e-16
5.681122029596890934e+04 3.676757199999999925e-14 6.010837000000000212e-16
5.681175495700487227e+04 3.592471399999999686e-14 5.426174999999999864e-16
5.681202216280856373e+04 3.725917999999999972e-14 5.639835499999999976e-16
5.681237038817519351e+04 3.848573999999999889e-14 5.794177599999999656e-16
5.681255422018018726e+04 3.771579000000000301e-14 5.630060699999999697e-16
5.681322565343391034e+04 3.935944000000000202e-14 6.058569400000000065e-16
5.681397279037703993e+04 3.762901000000000124e-14 5.334748499999999836e-16
5.681455399800515443e+04 3.877703299999999761e-14 6.190203599999999832e-16
5.681462412587927247e+04 3.906024000000000063e-14 5.369009400000000353e-16
5.681569599943690264e+04 3.901341000000000062e-14 5.834571500000000385e-16
5.681595469525739463e+04 4.051817000000000182e-14 6.187110299999999621e-16
5.681622803085296619e+04 4.143679000000000175e-14 6.099842700000000238e-16
5.681762323173174082e+04 4.412488700000000272e-14 5.935050299999999623e-16
5.681809057544733514e+04 4.413933400000000175e-14 5.377623699999999536e-16
5.681823938228168845e+04 4.461719599999999689e-14 6.518131999999999515e-16
5.681870412615802343e+04 4.591489499999999921e-14 6.835128000000000258e-16
5.681895835619478021e+04 4.607666999999999778e-14 6.453213699999999526e-16
5.681969514745067136e+04 4.447712700000000310e-14 6.534008999999999634e-16
5.682022633757626318e+04 4.621226000000000281e-14 6.643233300000000071e-16
5.682063644328990631e+04 4.491098999999999971e-14 6.587471600000000236e-16
5.682068845521842741e+04 4.540449000000000033e-14 6.561338999999999627e-16
5.682190359037373128e+04 4.358183699999999955e-14 6.168634400000000010e-16
5.682315484728401498e+04 4.260479499999999774e-14 6.461278999999999930e-16
5.682461874751516734e+04 4.318246500000000304e-14 6.533086999999999972e-16
5.682536184351830161e+04 4.069900000000000283e-14 5.960220399999999973e-16
5.682555104707474675e+04 4.128665600000000253e-14 5.906530699999999829e-16
5.682595718577014486e+04 4.060011199999999743e-14 4.609764999999999876e-16
5.682642998941072437e+04 4.086822999999999710e-14 6.151672599999999956e-16
5.682676254616876395e+04 3.789889999999999742e-14 5.687368300000000266e-16
5.682703767451227031e+04 3.733012999999999903e-14 5.449959000000000291e-16
5.682742884544250410e+04 3.699245300000000204e-14 5.582404499999999931e-16
5.682788341978764220e+04 3.613864400000000229e-14 5.314353999999999540e-16
5.682815191439670161e+04 3.618369600000000057e-14 5.488050300000000445e-16
5.682842751144144859e+04 3.679375000000000036e-14 5.556157600000000179e-16
5.682855407487147750e+04 3.699074999999999942e-14 4.489057600000000056e-16
5.682901718697066099e+04 3.592338600000000246e-14 5.456439999999999972e-16
5.683015067208727123e+04 3.605095999999999919e-14 5.324687999999999720e-16
5.683042126662507508e+04 3.590340199999999688e-14 5.399667999999999609e-16
