5.670955922791945341e+04 2.742290900000000149e-14 6.135270299999999749e-16
5.671010017922767292e+04 2.694753699999999981e-14 5.082565600000000272e-16
5.671016244839704450e+04 2.753001600000000073e-14 5.275771000000000152e-16
5.671063112939778512e+04 2.590788499999999914e-14 4.803497399999999537e-16
5.671101809882817906e+04 2.575994199999999989e-14 5.089848499999999545e-16
5.671135316853344557e+04 2.634206599999999846e-14 5.587709600000000302e-16
5.671208727396489121e+04 2.531681499999999879e-14 4.687510999999999740e-16
5.671322308643293945e+04 2.605739999999999936e-14 5.155185500000000078e-16
5.671350524912581022e+04 2.616444999999999940e-14 4.954023599999999928e-16
5.671395334156211902e+04 2.580011899999999864e-14 5.186219699999999749e-16
5.671421991468688066e+04 2.447068399999999877e-14 4.731383600000000318e-16
5.671450502478181443e+04 2.515003800000000148e-14 5.022809999999999669e-16
5.671503690494472539e+04 2.531239499999999940e-14 4.981632599999999979e-16
5.671563678572400386e+04 2.515642799999999960e-14 4.960708300000000405e-16
5.671703336483339081e+04 2.434433199999999975e-14 4.797830700000000174e-16
5.671836175050648308e+04 2.254592100000000153e-14 4.129852000000000079e-16
5.671863217822262231e+04 2.141804999999999942e-14 4.399115000000000092e-16
5.671970486847028951e+04 2.262034400000000034e-14 4.280011000000000021e-16
5.672009479904625186e+04 2.159669699999999903e-14 4.698339299999999671e-16
5.672037003747061681e+04 2.186370999999999886e-14 4.008302799999999961e-16
5.672063232979860913e+04 2.195985299999999992e-14 4.499194400000000241e-16
5.672096165958340862e+04 2.062895900000000082e-14 3.979397300000000127e-16
5.672137443273756799e+04 2.123255800000000157e-14 3.954502999999999919e-16
5.672156372758385260e+04 2.058486600000000028e-14 4.315715000000000058e-16
5.672236468332076038e+04 2.048458999999999865e-14 3.980399500000000142e-16
5.672283730889125582e+04 1.956231600000000026e-14 4.148891299999999820e-16
5.672310613210573501e+04 2.006138199999999905e-14 4.042586799999999771e-16
5.672343744862905442e+04 2.047255100000000153e-14 3.945814299999999833e-16
5.672388907979397482e+04 1.942811500000000074e-14 4.019243299999999907e-16
5.672444266546734434e+04 2.005948699999999944e-14 3.944506000000000202e-16
5.672456311236027250e+04 1.948948299999999918e-14 4.089495500000000012e-16
5.672482304394563107e+04 1.887595100000000079e-14 4.108221799999999899e-16
5.672516197227124212e+04 1.965918200000000052e-14 4.036188499999999992e-16
5.672528987761158351e+04 2.001209999999999873e-14 4.090318399999999767e-16
5.672563246859314677e+04 2.074257299999999919e-14 4.233547999999999900e-16
5.672602329340428696e+04 2.017654499999999938e-14 4.562536600000000002e-16
5.672630469560361962e+04 2.047929699999999866e-14 3.743233399999999768e-16
5.672702353215705807e+04 2.032753499999999910e-14 3.971227199999999856e-16
5.672704526560579689e+04 2.041582300000000074e-14 4.507806599999999801e-16
5.672730366844166565e+04 2.008089500000000107e-14 3.647097600000000077e-16
5.672750538473809866e+04 2.043129700000000104e-14 4.338475199999999922e-16
5.672783986541122431e+04 2.046747899999999962e-14 4.123622100000000056e-16
5.672857448522065533e+04 2.024151999999999843e-14 3.963832999999999915e-16
5.672883936371465825e+04 2.031044599999999926e-14 3.832046100000000029e-16
5.672963686727366439e+04 2.083837299999999890e-14 4.106080999999999776e-16
5.673003104888834059e+04 2.103427400000000018e-14 4.247093600000000193e-16
5.673036732580578973e+04 2.172640699999999932e-14 4.029129299999999887e-16
5.673062751910814404e+04 2.168221600000000065e-14 3.990070499999999880e-16
5.673095739729343768e+04 2.097221400000000012e-14 3.895706200000000241e-16
5.673136052533768816e+04 2.083524899999999968e-14 3.681772000000000103e-16
5.673162499438139639e+04 2.122234600000000053e-14 3.965213199999999913e-16
5.673204006187526102e+04 2.124498900000000069e-14 4.075497199999999872e-16
5.673236520436340652e+04 2.092236400000000109e-14 3.777553000000000071e-16
5.673270983966234053e+04 2.153579599999999855e-14 4.003335799999999855e-16
5.673297378042938362e+04 2.129321199999999919e-14 3.951424999999999911e-16
5.673322480603056465e+04 2.103631199999999929e-14 3.759447499999999840e-16
5.673356894227914745e+04 2.087324300000000019e-14 3.972519399999999921e-16
5.673396503124688024e+04 2.118234199999999902e-14 3.910317999999999872e-16
5.673423070187783742e+04 2.144323699999999910e-14 3.654817000000000141e-16
5.673450591069866641e+04 2.202884199999999888e-14 4.204616799999999763e-16
5.673489119964279962e+04 2.262642200000000099e-14 4.353654299999999968e-16
5.673529124397353735e+04 2.258639999999999956e-14 3.887707300000000209e-16
5.673563237857701461e+04 2.368419499999999870e-14 4.386019500000000114e-16
5.673629186807053338e+04 2.417411500000000016e-14 4.220792699999999809e-16
5.673655799816539366e+04 2.480463600000000061e-14 4.670632299999999515e-16
5.673689126736149774e+04 2.553101300000000014e-14 4.774266299999999653e-16
5.673750575100434071e+04 2.564016999999999948e-14 5.101228999999999652e-16
5.673789222076851001e+04 2.545755500000000115e-14 5.116217699999999958e-16
5.673822517447642895e+04 2.709442399999999986e-14 4.724718000000000346e-16
5.673850813726930937e+04 2.678205699999999934e-14 5.404016999999999554e-16
5.673889185039043514e+04 2.663199100000000050e-14 5.027550000000000215e-16
5.673922532581650739e+04 2.687665400000000106e-14 4.709789999999999958e-16
5.673957932782977878e+04 2.849683799999999978e-14 5.571004000000000466e-16
5.673997636517106730e+04 2.801357299999999921e-14 4.988333700000000462e-16
5.674031155947540537e+04 2.773877400000000017e-14 4.886467399999999582e-16
5.674051221382595395e+04 2.861859400000000270e-14 5.202539999999999929e-16
5.674090779049549019e+04 2.889580999999999888e-14 5.324339500000000341e-16
5.674131208544580295e+04 2.941412000000000079e-14 5.224853399999999870e-16
5.674150619007639034e+04 2.843079999999999963e-14 5.510765000000000120e-16
5.674189137959069194e+04 2.889827399999999702e-14 5.218627999999999531e-16
5.674222535475053883e+04 2.829117700000000127e-14 4.928472300000000171e-16
5.674271060223504901e+04 2.996435999999999688e-14 5.753815400000000122e-16
5.674295856296145939e+04 3.027428999999999756e-14 5.335027999999999805e-16
5.674336530239024432e+04 3.126588299999999861e-14 5.264189999999999658e-16
5.674350614381891501e+04 3.014773999999999948e-14 5.514791699999999914e-16
5.674443323502258863e+04 3.175943600000000231e-14 5.393258399999999892e-16
5.674444203052036755e+04 3.163378699999999978e-14 4.751837399999999798e-16
5.674450596378619230e+04 3.187202400000000240e-14 5.552127999999999921e-16
5.674537258699092490e+04 3.148222999999999802e-14 5.933214299999999843e-16
5.674557615185005852e+04 3.238012000000000047e-14 5.927902999999999603e-16
5.674589695468579157e+04 3.258613999999999745e-14 5.956683499999999755e-16
5.674623372003306577e+04 3.208111000000000273e-14 5.617161499999999876e-16
5.674656782832130557e+04 3.219615000000000312e-14 5.953148700000000146e-16
5.674689236550189526e+04 3.239137999999999900e-14 5.769757000000000444e-16
5.674769168502945831e+04 3.298096999999999760e-14 5.847487700000000104e-16
5.674802503757864906e+04 3.311784599999999829e-14 5.890174000000000287e-16
5.674850616568347323e+04 3.207533000000000208e-14 6.334699000000000346e-16
5.674909192131771124e+04 3.262316200000000257e-14 5.617386999999999706e-16
5.674936890621425846e+04 3.202838199999999806e-14 5.555633499999999875e-16
5.675044576091503404e+04 3.210386000000000256e-14 5.579081499999999659e-16
5.675057134430640872e+04 3.144160199999999842e-14 5.745727999999999753e-16
5.675156039696581138e+04 3.188303000000000248e-14 5.931472599999999849e-16
5.675203151829424314e+04 3.037075599999999727e-14 5.647522300000000486e-16
5.675262800792787311e+04 3.002482399999999715e-14 5.857027000000000381e-16
5.675303006822073075e+04 2.975378999999999867e-14 5.422991300000000151e-16
5.675335922945375205e+04 2.865430799999999719e-14 5.268534300000000450e-16
5.675369676398599404e+04 2.778378699999999915e-14 5.527103300000000017e-16
5.675390550212149537e+04 2.832100700000000120e-14 4.897823000000000227e-16
5.675416225271857547e+04 2.773623000000000065e-14 4.955127400000000386e-16
5.675435963151667966e+04 2.693554000000000144e-14 4.455825999999999605e-16
5.675504008656449878e+04 2.741819600000000121e-14 5.182099400000000044e-16
5.675536117304209620e+04 2.724488300000000052e-14 5.051363600000000244e-16
5.675551321005220962e+04 2.588522399999999907e-14 4.848369999999999540e-16
5.675609338573008426e+04 2.616223999999999970e-14 4.981592400000000314e-16
5.675629838148913404e+04 2.687888799999999959e-14 4.852191999999999703e-16
5.675729423196121206e+04 2.675622599999999886e-14 4.891111999999999555e-16
5.675751017233740276e+04 2.779860800000000026e-14 4.865012599999999871e-16
5.675797413619072177e+04 2.738250299999999979e-14 4.859316299999999920e-16
5.675830548680655920e+04 2.671489200000000015e-14 4.738936000000000373e-16
5.675851044964220637e+04 2.721808700000000023e-14 4.755404399999999527e-16
5.675896067332474195e+04 2.667574399999999914e-14 4.651968000000000298e-16
5.675922742571237177e+04 2.677755199999999947e-14 4.669091999999999745e-16
5.675982802808626002e+04 2.710568800000000083e-14 4.713830500000000226e-16
5.676029470902717730e+04 2.663669000000000014e-14 4.651689000000000239e-16
5.676103458150665392e+04 2.676990400000000066e-14 4.698323399999999576e-16
5.676182807236357621e+04 2.786999599999999960e-14 4.675681699999999577e-16
5.676203601416147285e+04 2.727143500000000056e-14 4.750092500000000380e-16
5.676229691334333620e+04 2.676675299999999999e-14 4.559239499999999998e-16
5.676304018520355021e+04 2.684371399999999938e-14 4.963520999999999860e-16
5.676337358986779145e+04 2.671028599999999954e-14 4.770710299999999916e-16
5.676402920559993072e+04 2.686118000000000076e-14 4.625604999999999755e-16
5.676437881953908800e+04 2.754603300000000108e-14 4.760283299999999717e-16
5.676476252189185470e+04 2.782003800000000109e-14 5.094157999999999699e-16
5.676511143112528953e+04 2.662482000000000100e-14 5.152774000000000374e-16
5.676569563514099718e+04 2.841544300000000036e-14 5.646274000000000406e-16
5.676609568261311506e+04 2.681742599999999914e-14 5.164754999999999848e-16
5.676637934475811198e+04 2.788325900000000038e-14 5.678830000000000219e-16
5.676737772134900297e+04 2.609972999999999861e-14 4.999822999999999715e-16
5.676937811567584140e+04 2.887893000000000244e-14 5.163607600000000338e-16
5.677084008512529545e+04 2.830135599999999878e-14 5.127638999999999621e-16
5.677117260815307236e+04 2.937608500000000134e-14 5.111729500000000423e-16
5.677471748070036119e+04 3.081796200000000235e-14 6.150887500000000298e-16
5.677491988276790653e+04 2.995361600000000012e-14 5.680407000000000284e-16
5.677557357344576303e+04 3.088625999999999950e-14 5.367219000000000252e-16
5.677623390219925204e+04 2.988978400000000038e-14 4.875433000000000272e-16
5.677696919808228267e+04 2.969178999999999727e-14 5.120236300000000224e-16
5.677736907078513468e+04 2.980641199999999718e-14 5.170963600000000254e-16
5.677937498550549208e+04 2.944314300000000086e-14 5.636505000000000069e-16
5.677984618467070686e+04 2.976854299999999941e-14 5.307811000000000175e-16
5.678024636000538158e+04 2.926413799999999945e-14 5.298649499999999918e-16
5.678051568457907706e+04 2.913700999999999814e-14 5.813283000000000316e-16
5.678058202207579598e+04 2.886576000000000069e-14 5.657783000000000057e-16
5.678209289647376136e+04 2.971270599999999913e-14 5.364148499999999880e-16
5.678230347518209601e+04 2.859726200000000001e-14 4.927434699999999627e-16
5.678270074811133964e+04 2.824783400000000138e-14 5.281513499999999673e-16
5.678297235801556963e+04 2.953107499999999718e-14 5.503993600000000461e-16
5.678336175245567574e+04 2.975500999999999990e-14 5.628177700000000491e-16
5.678356010544824676e+04 2.955064200000000210e-14 5.513355000000000227e-16
5.678395934701658553e+04 2.990128599999999952e-14 5.426678000000000022e-16
5.678444068043911102e+04 3.035320000000000263e-14 6.981648000000000123e-16
5.678556112124446372e+04 3.138676200000000165e-14 5.748174000000000149e-16
5.678636050062737922e+04 3.127512600000000056e-14 5.336999999999999751e-16
5.678696963895609224e+04 3.097319599999999843e-14 5.639657600000000451e-16
5.678730228404263471e+04 2.970218599999999989e-14 5.171730700000000195e-16
5.678770781103349873e+04 2.905581500000000058e-14 5.535905599999999864e-16
5.678797642138024094e+04 3.047550000000000227e-14 5.637739999999999585e-16
5.678830022690300393e+04 3.051824999999999848e-14 5.649508999999999757e-16
5.678903987463701924e+04 2.956582400000000133e-14 5.171700499999999716e-16
5.678964357390328223e+04 2.851735299999999810e-14 5.578465300000000160e-16
5.678996115500031738e+04 2.967444700000000215e-14 5.295899999999999931e-16
5.679063020285746461e+04 2.793744900000000058e-14 5.239698000000000482e-16
5.679103137267056445e+04 2.829884399999999982e-14 5.269149000000000219e-16
5.679236256146156666e+04 2.828728199999999886e-14 5.288443000000000449e-16
5.679284011089012347e+04 3.020911999999999891e-14 5.172414600000000325e-16
5.679424316770537553e+04 2.865645300000000227e-14 5.451240400000000328e-16
5.679469087233846221e+04 2.906893999999999781e-14 5.896375000000000089e-16
5.679535750402361737e+04 2.788488500000000109e-14 5.716822300000000448e-16
5.679588800332743267e+04 2.811932199999999998e-14 4.918564000000000262e-16
5.679688789484523295e+04 2.941071000000000257e-14 5.266280000000000053e-16
5.679822144949912763e+04 2.934724000000000077e-14 5.163950699999999702e-16
5.679850512633943436e+04 2.911936600000000041e-14 5.617314499999999940e-16
5.679888699572925543e+04 2.889723700000000071e-14 5.177569400000000146e-16
5.679922154660474916e+04 2.965771699999999763e-14 4.843743000000000342e-16
5.679955802917743858e+04 2.949011300000000092e-14 4.942346999999999883e-16
5.680035637186068925e+04 2.808772100000000019e-14 5.262546399999999751e-16
5.680082206686958671e+04 2.999120399999999800e-14 5.084902399999999620e-16
5.680209049108730687e+04 2.968770000000000158e-14 4.721052499999999616e-16
5.680262312414989719e+04 3.041244400000000166e-14 4.820994999999999761e-16
5.680422656466146873e+04 2.862599000000000271e-14 5.028256000000000310e-16
5.680508673315456690e+04 2.865038800000000244e-14 5.406623999999999559e-16
5.680597005991571496e+04 2.942544999999999934e-14 5.024858299999999683e-16
5.680636519707948173e+04 2.929946600000000032e-14 5.021596000000000316e-16
5.680688640475164721e+04 2.929241500000000131e-14 5.187909000000000303e-16
5.680721977627356682e+04 2.951027999999999878e-14 5.050503000000000373e-16
5.680788509354451526e+04 2.920535399999999963e-14 5.219906000000000180e-16
5.680822162458312232e+04 2.964046799999999821e-14 5.669474000000000467e-16
5.680855145274927054e+04 2.900271300000000013e-14 5.118578000000000005e-16
5.680888498340820661e+04 3.008004700000000069e-14 5.316662999999999949e-16
5.680921759308639594e+04 3.020724000000000291e-14 5.542595000000000482e-16
5.680955096925119142e+04 3.041208399999999706e-14 5.364811999999999738e-16
5.680988491646436159e+04 3.025948999999999898e-14 5.341137000000000394e-16
5.681021850609718240e+04 2.936529000000000113e-14 5.420907999999999536e-16
5.681055100331223366e+04 2.898842499999999772e-14 5.171739699999999561e-16
5.681088487435926072e+04 2.993409699999999918e-14 5.298394400000000487e-16
5.681121799470892438e+04 2.955786000000000261e-14 5.974170499999999915e-16
5.681236756895106373e+04 2.904088000000000106e-14 5.415231499999999965e-16
5.681322305223820877e+04 3.069362499999999711e-14 5.816312700000000145e-16
5.681396932971639762e+04 3.099849200000000057e-14 5.261108500000000281e-16
5.681455161100861733e+04 3.198303600000000224e-14 6.241024999999999684e-16
5.681462037651782884e+04 3.108223999999999919e-14 5.123907000000000017e-16
5.681569315921522502e+04 3.127968699999999981e-14 5.712295399999999992e-16
5.681595208347003791e+04 3.325397800000000040e-14 6.190201500000000210e-16
5.681622514607011544e+04 3.150962000000000180e-14 5.709249000000000211e-16
5.681761948563509213e+04 3.373188000000000096e-14 5.468839600000000009e-16
5.681808501108297060e+04 3.491237000000000212e-14 4.944275299999999809e-16
5.681823656243214646e+04 3.507452600000000152e-14 6.265410000000000375e-16
5.681870152101498388e+04 3.407185600000000055e-14 6.306139599999999829e-16
5.681895518456792342e+04 3.500785800000000120e-14 5.986625599999999820e-16
5.682022344009712106e+04 3.640664499999999779e-14 6.382220699999999676e-16
5.682063367068890511e+04 3.362493500000000095e-14 6.086369000000000312e-16
5.682068556884828286e+04 3.424459000000000136e-14 6.103185999999999812e-16
5.682190040694216441e+04 3.416450499999999958e-14 5.870264400000000449e-16
5.682296913918922655e+04 3.454852600000000204e-14 7.109350299999999792e-16
5.682315225804640068e+04 3.432908299999999837e-14 6.376457000000000028e-16
5.682461614199968608e+04 3.356746499999999807e-14 6.268587000000000308e-16
5.682535889133464661e+04 3.309554599999999948e-14 5.871192000000000090e-16
5.682554787763193599e+04 3.238715200000000291e-14 5.632326499999999995e-16
5.682594879655588738e+04 3.244920500000000108e-14 4.162112999999999756e-16
5.682642727811010263e+04 3.216653700000000198e-14 5.953787700000000471e-16
5.682675966006530507e+04 3.126842500000000164e-14 5.687105700000000213e-16
5.682742596629848413e+04 2.969846999999999997e-14 5.462251299999999925e-16
5.682788023732452712e+04 3.042447999999999932e-14 5.367145999999999590e-16
5.682814903691426298e+04 2.996829300000000191e-14 5.501888999999999737e-16
5.682842462846921990e+04 3.046132699999999808e-14 5.569124999999999554e-16
5.682854771709868510e+04 3.022487700000000190e-14 4.219599400000000181e-16
5.682901429857291805e+04 2.976247999999999921e-14 5.473667700000000471e-16
5.682928655296389479e+04 2.997905700000000139e-14 5.567143600000000314e-16
5.683014755053575936e+04 2.936972599999999764e-14 5.253886999999999814e-16
5.683041830168121669e+04 2.916023999999999990e-14 5.323432999999999860e-16
