5.670983030999999755e+04 9.393100000000000449e+00 7.449999999999999678e-02
5.671066025999999692e+04 9.369999999999999218e+00 1.370000000000000037e-02
5.671101907999999821e+04 9.405400000000000205e+00 8.459999999999999465e-02
5.671168450000000303e+04 9.335300000000000153e+00 1.149999999999999981e-02
5.671192532000000210e+04 9.389699999999999491e+00 4.569999999999999757e-02
5.671326885999999649e+04 9.211399999999999366e+00 8.229999999999999816e-02
5.671372080000000278e+04 9.287599999999999412e+00 8.899999999999999925e-03
5.671392147999999725e+04 9.262000000000000455e+00 4.929999999999999660e-02
5.671472535999999673e+04 9.279500000000000526e+00 1.149999999999999981e-02
5.671528224000000046e+04 9.228400000000000603e+00 1.338999999999999913e-01
5.671591468999999779e+04 9.321799999999999642e+00 5.979999999999999899e-02
5.671664347000000271e+04 9.174500000000000099e+00 8.759999999999999731e-02
5.671666560000000027e+04 9.218899999999999650e+00 1.060000000000000005e-02
5.671773427000000083e+04 9.176099999999999923e+00 1.030000000000000013e-02
5.671795799000000261e+04 9.167500000000000426e+00 9.410000000000000309e-02
5.671856655999999930e+04 9.098200000000000287e+00 9.750000000000000333e-02
5.671867167999999947e+04 9.131800000000000139e+00 1.060000000000000005e-02
5.671960622000000149e+04 8.831899999999999196e+00 5.958999999999999853e-01
5.672069327999999950e+04 9.044399999999999551e+00 1.179999999999999973e-02
5.672171495999999752e+04 8.980199999999999960e+00 1.020000000000000073e-02
5.672273892000000342e+04 8.912100000000000577e+00 1.149999999999999981e-02
5.672357237999999779e+04 8.889699999999999491e+00 1.119999999999999989e-02
5.672617377000000124e+04 8.864300000000000068e+00 8.619999999999999885e-02
5.672715316999999777e+04 8.855600000000000804e+00 1.066000000000000003e-01
5.672761622000000352e+04 8.780599999999999739e+00 9.619999999999999385e-02
5.672857721000000311e+04 8.911899999999999267e+00 1.000000000000000021e-02
5.672949614000000292e+04 8.829200000000000159e+00 9.400000000000000369e-03
5.673053906000000279e+04 8.819800000000000750e+00 9.299999999999999239e-03
5.673083303000000160e+04 8.777200000000000557e+00 8.000000000000000167e-02
5.673249543999999878e+04 8.910899999999999821e+00 1.069999999999999944e-02
5.673348573999999644e+04 8.931499999999999773e+00 1.030000000000000013e-02
5.673380348000000231e+04 8.825599999999999667e+00 6.980000000000000093e-02
5.673448114000000351e+04 8.885400000000000631e+00 9.599999999999999159e-03
5.673549921000000177e+04 8.954200000000000159e+00 9.900000000000000813e-03
5.673586207999999897e+04 9.039400000000000546e+00 1.087000000000000050e-01
5.673650540999999794e+04 8.996600000000000819e+00 9.900000000000000813e-03
5.673677470000000176e+04 9.031499999999999417e+00 7.510000000000000009e-02
5.673749025000000256e+04 9.043499999999999872e+00 9.799999999999999684e-03
5.674061839000000327e+04 9.214900000000000091e+00 1.080000000000000057e-02
5.674086452999999892e+04 9.311799999999999855e+00 1.086000000000000021e-01
5.674161260000000038e+04 9.242699999999999250e+00 1.080000000000000057e-02
5.674171888999999646e+04 9.344799999999999329e+00 9.130000000000000615e-02
5.674359683999999834e+04 9.469900000000000873e+00 1.250000000000000069e-02
5.674453919999999925e+04 9.510500000000000398e+00 1.250000000000000069e-02
5.674470090999999957e+04 9.516400000000000858e+00 8.190000000000000058e-02
5.674681945999999880e+04 9.548600000000000421e+00 5.589999999999999830e-02
5.674875961999999708e+04 9.614599999999999369e+00 7.370000000000000162e-02
5.674975678000000335e+04 9.622500000000000497e+00 5.500000000000000028e-02
5.675198520999999892e+04 9.572499999999999787e+00 6.219999999999999835e-02
5.675258297999999922e+04 9.709600000000000009e+00 1.420000000000000082e-02
5.675357796000000235e+04 9.678800000000000736e+00 1.409999999999999969e-02
5.675455563999999868e+04 9.578599999999999781e+00 1.499999999999999944e-02
5.675556524000000354e+04 9.520300000000000651e+00 1.069999999999999944e-02
5.675598051999999734e+04 9.473699999999999122e+00 1.043000000000000038e-01
5.675651256000000285e+04 9.540399999999999991e+00 1.089999999999999997e-02
5.675874938000000111e+04 9.457100000000000506e+00 7.209999999999999742e-02
5.675988906000000134e+04 9.425300000000000011e+00 4.019999999999999962e-02
5.676278826999999728e+04 9.300100000000000477e+00 4.700000000000000011e-02
5.676375624000000244e+04 9.252299999999999969e+00 4.880000000000000310e-02
5.676453775000000314e+04 9.445700000000000429e+00 8.290000000000000147e-02
5.676478938999999809e+04 9.334600000000000009e+00 5.480000000000000149e-02
5.676553431000000273e+04 9.292400000000000659e+00 8.630000000000000171e-02
5.676558342000000266e+04 9.295999999999999375e+00 1.089999999999999997e-02
5.676587185999999929e+04 9.374399999999999622e+00 7.599999999999999811e-02
5.676807400000000052e+04 9.198900000000000077e+00 7.810000000000000275e-02
5.677052737000000343e+04 9.403900000000000148e+00 1.389999999999999916e-02
5.677078469999999652e+04 9.379599999999999937e+00 5.489999999999999741e-02
5.677117646999999852e+04 9.429399999999999338e+00 1.246000000000000024e-01
5.677151200000000244e+04 9.357599999999999696e+00 1.420000000000000082e-02
5.677216728999999759e+04 9.445899999999999963e+00 1.032000000000000001e-01
5.677249865999999747e+04 9.392599999999999838e+00 1.170000000000000033e-02
5.677282912999999826e+04 9.419100000000000250e+00 7.299999999999999545e-02
5.677339155000000028e+04 9.419000000000000483e+00 9.959999999999999409e-02
5.677386028000000078e+04 9.430799999999999628e+00 7.299999999999999545e-02
5.677476256999999896e+04 9.442299999999999471e+00 1.156999999999999973e-01
5.677540886000000319e+04 9.465099999999999625e+00 9.500000000000000111e-02
5.677554899000000296e+04 9.514300000000000423e+00 1.039999999999999952e-02
5.677753091000000131e+04 9.494099999999999540e+00 1.269999999999999948e-02
5.677849798000000010e+04 9.457300000000000040e+00 1.389999999999999916e-02
5.677939564999999857e+04 9.413299999999999557e+00 2.064000000000000001e-01
5.677948780999999872e+04 9.479300000000000281e+00 1.319999999999999993e-02
5.677985194999999658e+04 9.420199999999999463e+00 6.210000000000000242e-02
5.678049526999999944e+04 9.459799999999999542e+00 1.269999999999999948e-02
5.678081386000000202e+04 9.452700000000000102e+00 6.500000000000000222e-02
5.678149446999999782e+04 9.454900000000000304e+00 1.359999999999999924e-02
5.678244769000000088e+04 9.332300000000000040e+00 1.209999999999999964e-02
5.678273967999999877e+04 9.434200000000000585e+00 8.010000000000000453e-02
5.678345253000000230e+04 9.411300000000000665e+00 1.250000000000000069e-02
5.678444180999999662e+04 9.384900000000000020e+00 1.450000000000000074e-02
5.678547647999999754e+04 9.468299999999999272e+00 1.020000000000000073e-02
5.678648337000000174e+04 9.399499999999999744e+00 9.599999999999999159e-03
5.678740436999999656e+04 9.320999999999999730e+00 1.099999999999999936e-02
5.679045996000000014e+04 9.375899999999999679e+00 9.400000000000000369e-03
5.679240348999999696e+04 9.421300000000000452e+00 1.159999999999999920e-02
5.679346594000000186e+04 9.384299999999999642e+00 1.129999999999999928e-02
5.679446428000000014e+04 9.341599999999999682e+00 1.400000000000000029e-02
5.679544630000000325e+04 9.358900000000000219e+00 1.269999999999999948e-02
5.679644870000000083e+04 9.388199999999999434e+00 1.469999999999999953e-02
5.679745139000000199e+04 9.374000000000000554e+00 1.490000000000000005e-02
5.679844430000000284e+04 9.414400000000000546e+00 1.559999999999999928e-02
5.679944120999999723e+04 9.450699999999999434e+00 1.400000000000000029e-02
5.680044359999999870e+04 9.423899999999999721e+00 1.239999999999999956e-02
5.680142811999999685e+04 9.408599999999999852e+00 1.239999999999999956e-02
5.680243764999999985e+04 9.419100000000000250e+00 1.069999999999999944e-02
5.680344161999999778e+04 9.391099999999999781e+00 1.359999999999999924e-02
5.680546151999999711e+04 9.378999999999999559e+00 1.379999999999999977e-02
5.680643467000000237e+04 9.346500000000000696e+00 1.519999999999999997e-02
5.680743647999999666e+04 9.366699999999999804e+00 1.329999999999999932e-02
5.680841595999999845e+04 9.405699999999999505e+00 1.290000000000000001e-02
5.680943086999999650e+04 9.391899999999999693e+00 1.340000000000000045e-02
5.681043218999999954e+04 9.399900000000000588e+00 1.469999999999999953e-02
5.681142096000000311e+04 9.457000000000000739e+00 1.370000000000000037e-02
5.681243093000000226e+04 9.451299999999999812e+00 1.359999999999999924e-02
5.681340385000000242e+04 9.390100000000000335e+00 1.650000000000000078e-02
5.681445706999999675e+04 9.401899999999999480e+00 1.349999999999999985e-02
5.681540467000000353e+04 9.460399999999999920e+00 1.650000000000000078e-02
5.681628070999999909e+04 9.532400000000000873e+00 8.859999999999999820e-02
5.681641163999999844e+04 9.481199999999999406e+00 1.469999999999999953e-02
5.681664794000000256e+04 9.472200000000000841e+00 7.080000000000000182e-02
5.681741165999999794e+04 9.420199999999999463e+00 1.650000000000000078e-02
5.681784229999999661e+04 9.538000000000000256e+00 5.870000000000000218e-02
5.681841649000000325e+04 9.552899999999999281e+00 1.430000000000000021e-02
5.681928040999999939e+04 9.552199999999999136e+00 5.729999999999999677e-02
5.681941657999999734e+04 9.589900000000000091e+00 1.310000000000000053e-02
5.682048573000000033e+04 9.667500000000000426e+00 1.329999999999999932e-02
5.682125056999999651e+04 9.647000000000000242e+00 6.579999999999999738e-02
5.682239721000000281e+04 9.683999999999999275e+00 1.469999999999999953e-02
5.682340819000000192e+04 9.762000000000000455e+00 1.679999999999999896e-02
5.682440202000000136e+04 9.745100000000000762e+00 1.669999999999999957e-02
5.682531354000000283e+04 9.637199999999999989e+00 9.160000000000000087e-02
5.682541595999999845e+04 9.758300000000000196e+00 1.540000000000000049e-02
5.682629968999999983e+04 9.684200000000000585e+00 2.021000000000000019e-01
5.682639373999999953e+04 9.663600000000000634e+00 1.669999999999999957e-02
5.682739850999999908e+04 9.633100000000000662e+00 1.760000000000000106e-02
5.682840084000000206e+04 9.624900000000000233e+00 1.519999999999999997e-02
5.682941066000000137e+04 9.587999999999999190e+00 1.359999999999999924e-02
5.683040342000000237e+04 9.561999999999999389e+00 1.469999999999999953e-02
