5.670956657999999879e+04 1.446499999999999986e+01 5.059999999999999915e-02
5.671054383000000234e+04 1.430499999999999972e+01 1.608999999999999875e-01
5.671059782999999879e+04 1.398399999999999999e+01 4.349999999999999700e-02
5.671160130999999819e+04 1.393399999999999928e+01 2.162999999999999923e-01
5.671649693000000116e+04 1.310800000000000054e+01 9.710000000000000575e-02
5.672101552000000083e+04 1.243800000000000061e+01 1.431999999999999940e-01
5.672149169000000256e+04 1.219599999999999973e+01 8.799999999999999489e-02
5.672199947999999858e+04 1.188000000000000078e+01 1.978999999999999926e-01
5.672249165999999968e+04 1.172499999999999964e+01 3.603999999999999981e-01
5.672346989999999641e+04 1.172799999999999976e+01 7.689999999999999614e-02
5.672349188000000140e+04 1.168299999999999983e+01 3.628000000000000114e-01
5.672448737999999867e+04 1.144699999999999918e+01 3.598000000000000087e-01
5.672462546000000293e+04 1.148799999999999955e+01 2.245000000000000051e-01
5.672582807999999932e+04 1.122499999999999964e+01 2.127999999999999892e-01
5.672662711999999738e+04 1.146199999999999974e+01 2.190000000000000002e-01
5.672747245000000112e+04 1.169100000000000072e+01 5.229999999999999927e-02
5.672750134999999864e+04 1.166399999999999970e+01 3.653000000000000136e-01
5.672759782000000268e+04 1.179700000000000060e+01 1.875999999999999890e-01
5.672862372000000323e+04 1.152399999999999913e+01 1.781000000000000083e-01
5.672961432999999670e+04 1.199099999999999966e+01 2.409000000000000030e-01
5.673056953000000067e+04 1.141000000000000014e+01 1.675999999999999990e-01
5.673092160999999760e+04 1.183799999999999919e+01 1.791000000000000092e-01
5.673155243000000337e+04 1.168800000000000061e+01 4.405000000000000027e-01
5.673156760999999824e+04 1.169400000000000084e+01 2.265000000000000069e-01
5.673246659000000363e+04 1.205400000000000027e+01 2.149999999999999967e-01
5.673348778999999922e+04 1.223600000000000065e+01 2.351000000000000034e-01
5.673393323999999848e+04 1.197400000000000020e+01 1.557999999999999940e-01
5.673396388000000297e+04 1.204100000000000037e+01 1.653999999999999915e-01
5.673446332999999868e+04 1.228999999999999915e+01 3.361000000000000099e-01
5.673548402000000351e+04 1.227500000000000036e+01 3.316000000000000059e-01
5.673556102000000101e+04 1.244800000000000040e+01 1.180999999999999966e-01
5.673692805000000226e+04 1.312299999999999933e+01 1.032000000000000001e-01
5.673695795999999973e+04 1.316900000000000048e+01 1.019999999999999934e-01
5.673745565000000352e+04 1.322199999999999953e+01 2.549999999999999836e-02
5.673746596999999747e+04 1.328899999999999970e+01 2.913000000000000034e-01
5.673761136000000261e+04 1.319100000000000072e+01 1.280999999999999917e-01
5.673792657000000327e+04 1.412199999999999989e+01 3.869000000000000217e-01
5.673795999999999913e+04 1.338100000000000023e+01 7.570000000000000340e-02
5.673846521999999823e+04 1.384800000000000075e+01 3.024000000000000021e-01
5.673846680000000197e+04 1.362599999999999945e+01 5.449999999999999983e-02
5.673857981999999902e+04 1.375900000000000034e+01 1.761000000000000065e-01
5.673932863000000361e+04 1.375399999999999956e+01 7.109999999999999654e-02
5.673959459000000061e+04 1.419400000000000084e+01 2.064000000000000001e-01
5.673991595999999845e+04 1.414799999999999969e+01 8.740000000000000546e-02
5.673991834999999992e+04 1.409500000000000064e+01 8.580000000000000127e-02
5.674057613000000129e+04 1.438199999999999967e+01 2.154999999999999971e-01
5.674152530000000115e+04 1.478899999999999970e+01 2.884999999999999787e-01
5.674190709000000061e+04 1.478400000000000070e+01 1.218000000000000055e-01
5.674246714999999676e+04 1.472300000000000075e+01 7.000000000000000666e-02
5.674291176000000269e+04 1.463499999999999979e+01 1.590999999999999914e-01
5.674446040000000357e+04 1.536299999999999955e+01 7.220000000000000029e-02
5.674585691000000224e+04 1.528999999999999915e+01 1.413000000000000089e-01
5.674642942999999650e+04 1.583900000000000041e+01 2.955999999999999739e-01
5.674848947000000044e+04 1.592099999999999937e+01 6.740000000000000158e-02
5.675036460000000079e+04 1.572600000000000087e+01 8.740000000000000546e-02
5.675060089000000153e+04 1.580000000000000071e+01 2.369999999999999885e-01
5.675153725999999733e+04 1.580799999999999983e+01 3.789000000000000146e-01
5.675243447000000015e+04 1.557499999999999929e+01 6.759999999999999343e-02
5.675392624999999680e+04 1.485699999999999932e+01 1.048000000000000043e-01
5.675438908999999694e+04 1.456499999999999950e+01 4.939999999999999947e-02
5.675544294000000082e+04 1.429599999999999937e+01 5.179999999999999882e-02
5.675647615000000224e+04 1.445899999999999963e+01 2.697999999999999843e-01
5.675692238999999972e+04 1.466600000000000037e+01 9.859999999999999321e-02
5.675736140000000159e+04 1.440399999999999991e+01 2.769999999999999893e-02
5.675852685999999812e+04 1.462100000000000044e+01 2.132000000000000006e-01
5.676089216999999917e+04 1.406199999999999939e+01 6.339999999999999802e-02
5.676245016000000032e+04 1.404299999999999926e+01 1.202000000000000013e-01
5.676384560999999667e+04 1.405899999999999928e+01 5.999999999999999778e-02
5.676490845000000263e+04 1.410299999999999976e+01 6.189999999999999669e-02
5.676532336000000214e+04 1.402500000000000036e+01 3.330000000000000321e-02
5.676551256000000285e+04 1.424099999999999966e+01 1.088999999999999968e-01
5.676631096000000252e+04 1.416600000000000037e+01 7.850000000000000033e-02
5.676985203999999794e+04 1.467600000000000016e+01 9.859999999999999321e-02
5.677180400999999983e+04 1.491600000000000037e+01 9.450000000000000067e-02
5.677280763999999908e+04 1.501099999999999923e+01 1.039000000000000062e-01
5.677846091000000160e+04 1.532799999999999940e+01 4.788000000000000034e-01
5.678078297000000020e+04 1.485200000000000031e+01 9.979999999999999982e-02
5.678446680000000197e+04 1.524799999999999933e+01 3.471000000000000196e-01
5.678675989999999729e+04 1.498199999999999932e+01 5.179999999999999882e-02
5.678781674999999814e+04 1.497600000000000087e+01 5.179999999999999882e-02
5.678847011000000202e+04 1.517200000000000060e+01 1.292000000000000093e-01
5.678881867000000057e+04 1.493200000000000038e+01 7.439999999999999392e-02
5.679249051000000327e+04 1.445899999999999963e+01 4.472999999999999754e-01
5.679350158999999985e+04 1.499000000000000021e+01 2.484000000000000097e-01
5.679383937000000151e+04 1.480499999999999972e+01 4.469999999999999668e-02
5.679550129000000015e+04 1.453400000000000070e+01 1.350000000000000089e-01
5.679577305999999953e+04 1.480599999999999916e+01 1.000000000000000056e-01
5.679747623000000021e+04 1.487899999999999956e+01 1.318999999999999895e-01
5.679779770000000281e+04 1.510399999999999920e+01 1.204999999999999960e-01
5.679878371000000334e+04 1.491600000000000037e+01 1.255000000000000004e-01
5.679935805999999866e+04 1.514600000000000080e+01 5.152999999999999803e-01
5.679976080999999976e+04 1.485999999999999943e+01 9.950000000000000511e-02
5.680034275000000343e+04 1.492600000000000016e+01 8.790000000000000591e-02
5.680045431999999710e+04 1.497400000000000020e+01 6.266000000000000458e-01
5.680141086000000359e+04 1.484600000000000009e+01 7.109999999999999654e-02
5.680183262999999715e+04 1.478899999999999970e+01 1.175999999999999962e-01
5.680233922000000166e+04 1.492200000000000060e+01 9.829999999999999849e-02
5.680235528000000340e+04 1.495199999999999996e+01 3.234000000000000208e-01
5.680335800000000017e+04 1.499200000000000088e+01 1.043000000000000038e-01
5.680438790000000154e+04 1.493900000000000006e+01 5.530000000000000193e-02
5.680476204000000143e+04 1.485200000000000031e+01 1.028000000000000025e-01
5.680578151999999682e+04 1.485399999999999920e+01 9.160000000000000087e-02
5.681135298000000330e+04 1.510200000000000031e+01 6.700000000000000400e-02
5.681538556000000244e+04 1.551500000000000057e+01 3.080000000000000099e-02
5.681739469000000099e+04 1.585299999999999976e+01 9.270000000000000462e-02
5.681741997999999876e+04 1.565799999999999947e+01 1.532999999999999918e-01
5.681837099000000308e+04 1.596100000000000030e+01 1.579000000000000126e-01
5.681943108999999822e+04 1.586800000000000033e+01 1.527000000000000024e-01
5.682033301000000210e+04 1.643700000000000117e+01 4.170000000000000095e-02
5.682232424000000174e+04 1.624500000000000099e+01 2.580000000000000002e-02
5.682336172000000079e+04 1.631899999999999906e+01 3.200000000000000067e-02
5.682436529000000155e+04 1.626899999999999835e+01 4.929999999999999660e-02
5.682437139000000025e+04 1.625799999999999912e+01 1.701999999999999902e-01
5.682540133000000060e+04 1.607999999999999829e+01 2.889999999999999861e-02
5.682542925000000105e+04 1.600400000000000134e+01 1.537999999999999923e-01
5.682739422999999806e+04 1.548499999999999943e+01 5.210000000000000048e-02
5.682932712000000174e+04 1.512500000000000000e+01 8.480000000000000038e-02
